0 -6.95519e-07 -2.78207e-06 -1.79602e-06 -1.07709e-05 -6.61189e-06 -3.46766e-05 -1.98177e-05 -9.74862e-05 -5.14014e-05 -0.000238732 -0.000115068 -0.00050791 -0.000221522 -0.000940415 -0.000367135 -0.00152852 -0.000528281 -0.00221794 -0.000670896 -0.00293847 -0.000766903 -0.0036331 -0.000800664 -0.00426211 -0.00076717 -0.00480053 -0.000670455 -0.00523389 -0.000520031 -0.00555124 -0.000328883 -0.00574525 -0.000112515 -0.00581045 0.000112515 -0.00574525 0.000328883 -0.00555124 0.000520031 -0.00523389 0.000670455 -0.00480053 0.00076717 -0.00426211 0.000800664 -0.0036331 0.000766903 -0.00293847 0.000670896 -0.00221794 0.000528281 -0.00152852 0.000367135 -0.000940415 0.000221522 -0.00050791 0.000115068 -0.000238732 5.14036e-05 -9.74848e-05 1.98312e-05 -3.46678e-05 6.69049e-06 -1.07203e-05 2.20881e-06 -2.51866e-06 1.76529e-06 1.72743e-06 
6.95519e-07 0 -2.78207e-06 -1.79602e-06 -1.07709e-05 -6.61189e-06 -3.46766e-05 -1.98177e-05 -9.74862e-05 -5.14014e-05 -0.000238732 -0.000115068 -0.00050791 -0.000221522 -0.000940415 -0.000367135 -0.00152852 -0.000528281 -0.00221794 -0.000670896 -0.00293847 -0.000766903 -0.0036331 -0.000800664 -0.00426211 -0.00076717 -0.00480053 -0.000670455 -0.00523389 -0.000520031 -0.00555124 -0.000328883 -0.00574525 -0.000112515 -0.00581045 0.000112515 -0.00574525 0.000328883 -0.00555124 0.000520031 -0.00523389 0.000670455 -0.00480053 0.00076717 -0.00426211 0.000800664 -0.0036331 0.000766903 -0.00293847 0.000670896 -0.00221794 0.000528281 -0.00152852 0.000367135 -0.000940415 0.000221522 -0.00050791 0.000115068 -0.000238732 5.14036e-05 -9.74848e-05 1.98312e-05 -3.46678e-05 6.69049e-06 -1.07203e-05 2.20881e-06 -2.51866e-06 1.76529e-06 1.76529e-06 
2.78207e-06 2.78207e-06 0 1.04012e-05 -2.30914e-06 2.89825e-05 -8.57831e-06 6.73915e-05 -2.66468e-05 0.000129385 -7.23951e-05 0.000199313 -0.00017193 0.000234834 -0.000356869 0.000189694 -0.000650321 5.82158e-05 -0.00105149 -0.000114313 -0.0015331 -0.000274141 -0.00205325 -0.0003878 -0.00256806 -0.000436176 -0.00303841 -0.000417872 -0.00343353 -0.00034253 -0.00373087 -0.000223036 -0.00391512 -7.75827e-05 -0.00397752 7.75827e-05 -0.00391512 0.000223036 -0.00373087 0.00034253 -0.00343353 0.000417872 -0.00303841 0.000436176 -0.00256806 0.0003878 -0.00205325 0.000274141 -0.0015331 0.000114313 -0.00105149 -5.82158e-05 -0.000650321 -0.000189694 -0.000356869 -0.000234835 -0.00017193 -0.000199314 -7.23974e-05 -0.000129389 -2.66605e-05 -6.74162e-05 -8.65336e-06 -2.91065e-05 -2.67913e-06 -1.09608e-05 -1.62831e-06 -5.03992e-06 -5.03992e-06 
1.79602e-06 1.79602e-06 -1.04012e-05 0 -3.52504e-05 -1.62485e-06 -9.39581e-05 -5.52462e-06 -0.000212815 -1.55498e-05 -0.000408984 -3.79112e-05 -0.000666792 -7.99509e-05 -0.000935956 -0.000145719 -0.0011767 -0.000230494 -0.00140569 -0.00031969 -0.00166781 -0.000394442 -0.00197758 -0.000438544 -0.00232177 -0.000441803 -0.00267423 -0.000401061 -0.00299513 -0.000319641 -0.00325213 -0.000205705 -0.0034172 -7.09632e-05 -0.0034742 7.09632e-05 -0.0034172 0.000205705 -0.00325213 0.000319641 -0.00299513 0.000401061 -0.00267423 0.000441803 -0.00232177 0.000438544 -0.00197758 0.000394442 -0.00166781 0.00031969 -0.00140569 0.000230494 -0.0011767 0.000145719 -0.000935956 7.99511e-05 -0.000666792 3.79131e-05 -0.000408983 1.55617e-05 -0.000212811 5.59282e-06 -9.39353e-05 1.98002e-06 -3.5127e-05 1.66071e-06 -9.79635e-06 5.12022e-06 5.12022e-06 
1.07709e-05 1.07709e-05 2.30914e-06 3.52504e-05 0 9.06782e-05 -2.1075e-06 0.000193623 -7.40327e-06 0.00033893 -2.1749e-05 0.000474642 -5.59701e-05 0.000515961 -0.000126363 0.000419413 -0.000250885 0.000236662 -0.000441111 5.29156e-05 -0.000695013 -9.53707e-05 -0.000996179 -0.000195389 -0.00131863 -0.000238141 -0.00163262 -0.000236621 -0.00190954 -0.000196132 -0.00212535 -0.000128652 -0.0022621 -4.49201e-05 -0.00230892 4.49201e-05 -0.0022621 0.000128652 -0.00212535 0.000196132 -0.00190954 0.000236621 -0.00163262 0.000238141 -0.00131863 0.000195389 -0.000996179 9.53707e-05 -0.000695013 -5.29156e-05 -0.000441111 -0.000236662 -0.000250885 -0.000419413 -0.000126363 -0.000515961 -5.59719e-05 -0.000474645 -2.17603e-05 -0.000338951 -7.46897e-06 -0.000193733 -2.45123e-06 -9.12097e-05 -1.61333e-06 -3.75492e-05 -4.43959e-06 -1.96022e-05 -1.96022e-05 
6.61189e-06 6.61189e-06 -2.89825e-05 1.62485e-06 -9.06782e-05 0 -0.000214269 -1.28259e-06 -0.000417319 -4.09345e-06 -0.000662148 -1.08043e-05 -0.000840935 -2.47113e-05 -0.000852119 -4.90044e-05 -0.000725363 -8.43818e-05 -0.000610107 -0.000126924 -0.000609307 -0.000168433 -0.000725944 -0.000199228 -0.000941633 -0.000211127 -0.00120797 -0.000199385 -0.001468 -0.000163566 -0.00168759 -0.000107276 -0.00182798 -3.73506e-05 -0.00187925 3.73506e-05 -0.00182798 0.000107276 -0.00168759 0.000163566 -0.001468 0.000199385 -0.00120797 0.000211127 -0.000941633 0.000199228 -0.000725944 0.000168433 -0.000609307 0.000126924 -0.000610107 8.43818e-05 -0.000725363 4.90047e-05 -0.000852119 2.47126e-05 -0.000840934 1.08125e-05 -0.000662146 4.14315e-06 -0.000417304 1.55365e-06 -0.000214185 1.33077e-06 -9.02516e-05 4.21769e-06 -2.7041e-05 1.61672e-05 1.61672e-05 
3.46766e-05 3.46766e-05 8.57831e-06 9.39581e-05 2.1075e-06 0.000214269 0 0.000398677 -1.71435e-06 0.000588258 -5.68414e-06 0.000660659 -1.57659e-05 0.000534964 -3.83778e-05 0.000294943 -8.22701e-05 0.000109384 -0.000156013 1.89336e-05 -0.000263965 -3.40451e-05 -0.000403245 -5.21012e-05 -0.000563563 -5.21785e-05 -0.000729302 -5.39623e-05 -0.000882552 -4.04579e-05 -0.00100621 -3.02441e-05 -0.00108639 -8.26991e-06 -0.00111415 8.26991e-06 -0.00108639 3.02441e-05 -0.00100621 4.04579e-05 -0.000882552 5.39623e-05 -0.000729302 5.21785e-05 -0.000563563 5.21012e-05 -0.000403245 3.40451e-05 -0.000263965 -1.89336e-05 -0.000156013 -0.000109384 -8.22703e-05 -0.000294943 -3.8379e-05 -0.000534966 -1.5774e-05 -0.000660672 -5.73322e-06 -0.000588334 -1.98422e-06 -0.000399062 -1.33426e-06 -0.000216025 -3.7843e-06 -0.000101067 -1.44859e-05 -6.00849e-05 -6.00849e-05 
1.98177e-05 1.98177e-05 -6.73915e-05 5.52462e-06 -0.000193623 1.28259e-06 -0.000398677 0 -0.000648496 -8.98992e-07 -0.000806879 -2.68691e-06 -0.000719464 -6.63133e-06 -0.000414961 -1.41872e-05 -0.000147241 -2.63726e-05 -0.000101119 -4.27231e-05 -0.000211604 -6.06931e-05 -0.000399625 -7.61701e-05 -0.000642273 -8.47854e-05 -0.000864427 -8.32478e-05 -0.00105971 -7.02867e-05 -0.00120828 -4.69826e-05 -0.00129713 -1.65124e-05 -0.00133126 1.65124e-05 -0.00129713 4.69826e-05 -0.00120828 7.02867e-05 -0.00105971 8.32478e-05 -0.000864427 8.47854e-05 -0.000642273 7.61701e-05 -0.000399625 6.06931e-05 -0.000211604 4.27231e-05 -0.000101119 2.63727e-05 -0.000147241 1.4188e-05 -0.000414961 6.63644e-06 -0.000719462 2.71919e-06 -0.00080687 1.08343e-06 -0.000648443 9.49438e-07 -0.000398395 3.09509e-06 -0.000192287 1.24232e-05 -6.17275e-05 4.50773e-05 4.50773e-05 
9.74862e-05 9.74862e-05 2.66468e-05 0.000212815 7.40327e-06 0.000417319 1.71435e-06 0.000648496 0 0.000747809 -1.24169e-06 0.000575598 -3.87778e-06 0.00023371 -1.01334e-05 2.97696e-05 -2.32858e-05 6.18886e-05 -4.72981e-05 0.000120392 -8.54363e-05 0.000135052 -0.000138508 0.000162259 -0.00020378 0.000135594 -0.000275102 0.000105997 -0.000344029 7.75851e-05 -0.000401503 3.79779e-05 -0.000439593 1.85765e-05 -0.000452921 -1.85765e-05 -0.000439593 -3.79779e-05 -0.000401503 -7.75851e-05 -0.000344029 -0.000105997 -0.000275102 -0.000135594 -0.00020378 -0.000162259 -0.000138508 -0.000135052 -8.54363e-05 -0.000120392 -4.72982e-05 -6.18887e-05 -2.32865e-05 -2.97708e-05 -1.01386e-05 -0.000233718 -3.91066e-06 -0.000575644 -1.43148e-06 -0.000748056 -9.86852e-07 -0.000649677 -2.87857e-06 -0.00042234 -1.15859e-05 -0.000231692 -4.24989e-05 -0.000159647 -0.000159647 
5.14014e-05 5.14014e-05 -0.000129385 1.55498e-05 -0.00033893 4.09345e-06 -0.000588258 8.98992e-07 -0.000747809 0 -0.000629003 -5.58463e-07 -0.000245203 -1.55784e-06 4.77025e-05 -3.58205e-06 -4.80608e-05 -7.13983e-06 -0.000332194 -1.23808e-05 -0.000522474 -1.87411e-05 -0.000678696 -2.48785e-05 -0.000783434 -2.90304e-05 -0.000810686 -2.95987e-05 -0.000856959 -2.57024e-05 -0.000856971 -1.75032e-05 -0.000880041 -6.20884e-06 -0.000871804 6.20884e-06 -0.000880041 1.75032e-05 -0.000856971 2.57024e-05 -0.000856959 2.95987e-05 -0.000810686 2.90304e-05 -0.000783434 2.48785e-05 -0.000678696 1.87411e-05 -0.000522474 1.23809e-05 -0.000332194 7.14026e-06 -4.80607e-05 3.58483e-06 4.77033e-05 1.57663e-06 -0.000245198 6.70633e-07 -0.000628973 6.05232e-07 -0.000747643 2.03068e-06 -0.000587435 8.5364e-06 -0.000335287 3.25363e-05 -0.000115089 0.000108722 0.000108722 
0.000238732 0.000238732 7.23951e-05 0.000408984 2.1749e-05 0.000662148 5.68414e-06 0.000806879 1.24169e-06 0.000629003 0 0.000192382 -7.99512e-07 -5.81598e-05 -2.34592e-06 0.000126679 -5.76052e-06 0.000346369 -1.24624e-05 0.000308821 -2.39122e-05 0.000285945 -4.09771e-05 0.000257774 -6.32856e-05 0.00015053 -8.89503e-05 0.000138758 -0.0001148 6.53793e-05 -0.000137031 5.25498e-05 -0.000152071 7.29742e-06 -0.000157387 -7.29742e-06 -0.000152071 -5.25498e-05 -0.000137031 -6.53793e-05 -0.0001148 -0.000138758 -8.89503e-05 -0.00015053 -6.32856e-05 -0.000257774 -4.09771e-05 -0.000285945 -2.39122e-05 -0.000308821 -1.24628e-05 -0.000346369 -5.76348e-06 -0.000126683 -2.36567e-06 5.81344e-05 -9.19063e-07 -0.000192523 -6.53348e-07 -0.000629705 -1.96144e-06 -0.000810012 -8.29931e-06 -0.000674531 -3.21432e-05 -0.000451904 -0.000109139 -0.000367752 -0.000367752 
0.000115068 0.000115068 -0.000199313 3.79112e-05 -0.000474642 1.08043e-05 -0.000660659 2.68691e-06 -0.000575598 5.58463e-07 -0.000192382 0 9.73214e-05 -3.06467e-07 -0.000134968 -7.94767e-07 -0.000596752 -1.6945e-06 -0.000683981 -3.12942e-06 -0.000565387 -5.02585e-06 -0.000530839 -7.03589e-06 -0.000390469 -8.58971e-06 -0.000334858 -9.0824e-06 -0.000322162 -8.1049e-06 -0.000286457 -5.6203e-06 -0.000323643 -2.01199e-06 -0.000288687 2.01199e-06 -0.000323643 5.6203e-06 -0.000286457 8.1049e-06 -0.000322162 9.0824e-06 -0.000334858 8.58971e-06 -0.000390469 7.03589e-06 -0.000530839 5.02587e-06 -0.000565387 3.12962e-06 -0.00068398 1.6959e-06 -0.000596752 8.04472e-07 -0.000134966 3.67262e-07 9.73366e-05 3.438e-07 -0.000192295 1.18857e-06 -0.000575147 5.2346e-06 -0.000658574 2.0981e-05 -0.000466084 7.38432e-05 -0.000168448 0.000225221 0.000225221 
0.00050791 0.00050791 0.00017193 0.000666792 5.59701e-05 0.000840935 1.57659e-05 0.000719464 3.87778e-06 0.000245203 7.99512e-07 -9.73214e-05 0 0.000174378 -4.56587e-07 0.00058883 -1.25499e-06 0.000433863 -2.88645e-06 0.000189982 -5.85861e-06 0.000250151 -1.05752e-05 0.000114853 -1.71003e-05 9.11643e-05 -2.49787e-05 0.000121659 -3.32295e-05 2.55101e-05 -4.05363e-05 8.67546e-05 -4.55766e-05 -2.87409e-05 -4.7376e-05 2.87409e-05 -4.55766e-05 -8.67546e-05 -4.05363e-05 -2.55101e-05 -3.32295e-05 -0.000121659 -2.49787e-05 -9.11643e-05 -1.71003e-05 -0.000114853 -1.05752e-05 -0.000250151 -5.85881e-06 -0.000189982 -2.88797e-06 -0.000433864 -1.2656e-06 -0.000588842 -5.23881e-07 -0.000174448 -3.86336e-07 9.69551e-05 -1.19513e-06 -0.000246922 -5.31684e-06 -0.00072661 -2.17586e-05 -0.000867029 -7.82812e-05 -0.000749541 -0.00024423 -0.000732803 -0.000732803 
0.000221522 0.000221522 -0.000234834 7.99509e-05 -0.000515961 2.47113e-05 -0.000534964 6.63133e-06 -0.00023371 1.55784e-06 5.81598e-05 3.06467e-07 -0.000174378 0 -0.000705425 -1.4793e-07 -0.00065596 -3.55036e-07 -0.000180913 -6.97302e-07 -0.000141902 -1.18362e-06 -0.000168224 -1.74312e-06 -0.000112983 -2.22246e-06 -0.000325642 -2.43378e-06 -0.000319212 -2.23019e-06 -0.000456404 -1.57427e-06 -0.000456294 -5.68836e-07 -0.000503802 5.68836e-07 -0.000456294 1.57427e-06 -0.000456404 2.23019e-06 -0.000319212 2.43378e-06 -0.000325642 2.22246e-06 -0.000112983 1.74312e-06 -0.000168224 1.18374e-06 -0.000141902 6.97921e-07 -0.000180913 3.59472e-07 -0.000655959 1.77285e-07 -0.000705418 1.73434e-07 -0.000174337 6.18463e-07 5.83786e-05 2.85517e-06 -0.000232652 1.20498e-05 -0.000530414 4.47711e-05 -0.000498759 0.000144501 -0.000178251 0.000399474 0.000399474 
0.000940415 0.000940415 0.000356869 0.000935956 0.000126363 0.000852119 3.83778e-05 0.000414961 1.01334e-05 -4.77025e-05 2.34592e-06 0.000134968 4.56587e-07 0.000705425 0 0.000539451 -2.30542e-07 -4.10898e-05 -5.91522e-07 0.00015097 -1.26929e-06 0.000276234 -2.40643e-06 5.90061e-05 -4.06485e-06 0.000302833 -6.16077e-06 0.000113989 -8.4387e-06 0.000161476 -1.05134e-05 8.57412e-05 -1.19715e-05 1.84352e-05 -1.24969e-05 -1.84352e-05 -1.19715e-05 -8.57412e-05 -1.05134e-05 -0.000161476 -8.4387e-06 -0.000113989 -6.16078e-06 -0.000302833 -4.06487e-06 -5.90061e-05 -2.40652e-06 -0.000276234 -1.26998e-06 -0.000150971 -5.96598e-07 4.10848e-05 -2.64284e-07 -0.000539482 -2.03442e-07 -0.000705592 -6.49485e-07 -0.000135793 -3.03897e-06 4.40956e-05 -1.31536e-05 -0.000428852 -5.02297e-05 -0.000898686 -0.000166953 -0.00107005 -0.000476465 -0.00126684 -0.00126684 
0.000367135 0.000367135 -0.000189694 0.000145719 -0.000419413 4.90044e-05 -0.000294943 1.41872e-05 -2.97696e-05 3.58205e-06 -0.000126679 7.94767e-07 -0.00058883 1.4793e-07 -0.000539451 0 0.00010177 -6.23561e-08 4.22307e-05 -1.37755e-07 -0.000471551 -2.4733e-07 -0.000396946 -3.82106e-07 -0.000622119 -5.07878e-07 -0.000734316 -5.75317e-07 -0.000624074 -5.41262e-07 -0.000811349 -3.88605e-07 -0.000621804 -1.41515e-07 -0.0008153 1.41515e-07 -0.000621804 3.88605e-07 -0.000811349 5.41262e-07 -0.000624074 5.75317e-07 -0.000734316 5.07885e-07 -0.000622119 3.82134e-07 -0.000396946 2.47571e-07 -0.00047155 1.39566e-07 4.22311e-05 7.48408e-08 0.000101773 7.73401e-08 -0.000539435 2.84847e-07 -0.000588737 1.37928e-06 -0.000126204 6.1379e-06 -2.76292e-05 2.41319e-05 -0.000286439 8.27271e-05 -0.000389946 0.000243937 -0.00010187 0.000608684 0.000608684 
0.00152852 0.00152852 0.000650321 0.0011767 0.000250885 0.000725363 8.22701e-05 0.000147241 2.32858e-05 4.80608e-05 5.76052e-06 0.000596752 1.25499e-06 0.00065596 2.30542e-07 -0.00010177 0 1.84716e-05 -1.02508e-07 0.000664764 -2.44497e-07 0.000201591 -4.87152e-07 0.000284054 -8.58017e-07 0.000414803 -1.34739e-06 3.44068e-06 -1.89851e-06 0.000348435 -2.41418e-06 -0.000104043 -2.78321e-06 0.000211842 -2.9174e-06 -0.000211842 -2.78321e-06 0.000104043 -2.41418e-06 -0.000348435 -1.89851e-06 -3.44068e-06 -1.3474e-06 -0.000414803 -8.58051e-07 -0.000284054 -4.87435e-07 -0.000201591 -2.46653e-07 -0.000664766 -1.17519e-07 -1.84832e-05 -9.50557e-08 0.000101704 -3.13759e-07 -0.000656304 -1.54493e-06 -0.000598331 -7.08022e-06 -5.44812e-05 -2.87487e-05 -0.000170043 -0.00010208 -0.000795179 -0.000312911 -0.00135813 -0.000815432 -0.00192132 -0.00192132 
0.000528281 0.000528281 -5.82158e-05 0.000230494 -0.000236662 8.43818e-05 -0.000109384 2.63726e-05 -6.18886e-05 7.13983e-06 -0.000346369 1.6945e-06 -0.000433863 3.55036e-07 4.10898e-05 6.23561e-08 -1.84716e-05 0 -0.000811082 -2.28304e-08 -0.000642899 -4.60636e-08 -0.000332753 -7.4646e-08 -0.00063813 -1.03584e-07 -0.00021051 -1.21315e-07 -0.00043703 -1.16816e-07 -0.000295504 -8.52585e-08 -0.000356643 -3.13784e-08 -0.000344323 3.13784e-08 -0.000356643 8.52585e-08 -0.000295504 1.16816e-07 -0.00043703 1.21315e-07 -0.00021051 1.03591e-07 -0.00063813 7.47651e-08 -0.000332753 4.66998e-08 -0.000642898 2.74742e-08 -0.000811081 3.03049e-08 -1.84655e-05 1.15416e-07 4.11252e-05 5.86609e-07 -0.000433675 2.75782e-06 -0.000345481 1.1501e-05 -5.81734e-05 4.20203e-05 -9.57732e-05 0.000132822 -0.000193582 0.000357792 5.77346e-05 0.000806815 0.000806815 
0.00221794 0.00221794 0.00105149 0.00140569 0.000441111 0.000610107 0.000156013 0.000101119 4.72981e-05 0.000332194 1.24624e-05 0.000683981 2.88645e-06 0.000180913 5.91522e-07 -4.22307e-05 1.02508e-07 0.000811082 0 0.000496584 -3.99357e-08 -0.00010856 -8.81116e-08 0.000589409 -1.62083e-07 -1.28632e-05 -2.63448e-07 0.000229894 -3.81544e-07 0.000206837 -4.94969e-07 -4.29596e-05 -5.7758e-07 0.0001995 -6.07886e-07 -0.0001995 -5.7758e-07 4.29596e-05 -4.94969e-07 -0.000206837 -3.81546e-07 -0.000229894 -2.6346e-07 1.28632e-05 -1.62185e-07 -0.000589409 -8.89199e-08 0.00010856 -4.58329e-08 -0.000496588 -3.923e-08 -0.000811104 -1.34187e-07 4.21083e-05 -6.95823e-07 -0.000181506 -3.38062e-06 -0.000686527 -1.46216e-05 -0.000341789 -5.5601e-05 -0.000132443 -0.00018371 -0.000697371 -0.000520078 -0.00160944 -0.00124056 -0.00260873 -0.00260873 
0.000670896 0.000670896 0.000114313 0.00031969 -5.29156e-05 0.000126924 -1.89336e-05 4.27231e-05 -0.000120392 1.23808e-05 -0.000308821 3.12942e-06 -0.000189982 6.97302e-07 -0.00015097 1.37755e-07 -0.000664764 2.28304e-08 -0.000496584 0 0.000199357 -7.57652e-09 -0.000308589 -1.29786e-08 -0.000284759 -1.86625e-08 -0.000224265 -2.25447e-08 -0.000728657 -2.20482e-08 -0.000361425 -1.65124e-08 -0.000897357 -5.99198e-09 -0.000442808 5.99198e-09 -0.000897357 1.65124e-08 -0.000361425 2.20482e-08 -0.000728657 2.25447e-08 -0.000224265 1.86948e-08 -0.000284759 1.31963e-08 -0.000308589 8.97001e-09 0.000199357 1.033e-08 -0.000496582 4.08391e-08 -0.000664753 2.18325e-07 -0.000150906 1.08527e-06 -0.000189659 4.8119e-06 -0.000307394 1.87961e-05 -0.000114843 6.3949e-05 -1.84678e-07 0.000186983 1.34471e-06 0.000462468 0.00024647 0.000950217 0.000950217 
0.00293847 0.00293847 0.0015331 0.00166781 0.000695013 0.000609307 0.000263965 0.000211604 8.54363e-05 0.000522474 2.39122e-05 0.000565387 5.85861e-06 0.000141902 1.26929e-06 0.000471551 2.44497e-07 0.000642899 3.99357e-08 -0.000199357 0 0.000399386 -1.35476e-08 0.000565576 -2.7489e-08 -7.33659e-05 -4.6365e-08 0.000734274 -6.89881e-08 -0.000160409 -9.12667e-08 0.000492962 -1.07774e-07 -0.000255053 -1.13882e-07 0.000255053 -1.07774e-07 -0.000492962 -9.12671e-08 0.000160409 -6.89916e-08 -0.000734274 -4.6397e-08 7.33658e-05 -2.7755e-08 -0.000565576 -1.55816e-08 -0.000399387 -1.42227e-08 0.00019935 -5.05494e-08 -0.000642935 -2.76312e-07 -0.000471738 -1.42515e-06 -0.000142752 -6.57736e-06 -0.000568792 -2.68452e-05 -0.00053434 -9.58726e-05 -0.000247102 -0.000295892 -0.0006989 -0.000777564 -0.00185457 -0.00170979 -0.00325234 -0.00325234 
0.000766903 0.000766903 0.000274141 0.000394442 9.53707e-05 0.000168433 3.40451e-05 6.06931e-05 -0.000135052 1.87411e-05 -0.000285945 5.02585e-06 -0.000250151 1.18362e-06 -0.000276234 2.4733e-07 -0.000201591 4.60636e-08 0.00010856 7.57652e-09 -0.000399386 0 -0.00081723 -1.68051e-09 -0.000404402 -2.80685e-09 -0.000932444 -3.4657e-09 -0.000610548 -3.26063e-09 -0.000802764 -2.48769e-09 -0.000768299 -1.4761e-09 -0.000762718 1.4761e-09 -0.000768299 2.48769e-09 -0.000802764 3.26063e-09 -0.000610548 3.4657e-09 -0.000932444 2.8623e-09 -0.000404402 2.03167e-09 -0.00081723 3.02221e-09 -0.000399385 1.21903e-08 0.000108564 7.01475e-08 -0.000201572 3.70645e-07 -0.000276132 1.75149e-06 -0.000249673 7.33303e-06 -0.000283963 2.694e-05 -0.000127868 8.58211e-05 5.65342e-05 0.000233804 0.000155216 0.00053605 0.000406982 0.00101667 0.00101667 
0.0036331 0.0036331 0.00205325 0.00197758 0.000996179 0.000725944 0.000403245 0.000399625 0.000138508 0.000678696 4.09771e-05 0.000530839 1.05752e-05 0.000168224 2.40643e-06 0.000396946 4.87152e-07 0.000332753 8.81116e-08 0.000308589 1.35476e-08 0.00081723 0 0.000152747 -3.97166e-09 0.000454676 -7.36028e-09 0.000412375 -1.12895e-08 3.18036e-05 -1.52299e-08 0.000458495 -1.81971e-08 -0.000260638 -1.93044e-08 0.000260638 -1.81972e-08 -0.000458495 -1.52308e-08 -3.18036e-05 -1.12983e-08 -0.000412375 -7.43651e-09 -0.000454676 -4.5833e-09 -0.000152748 -4.4998e-09 -0.000817231 -1.6671e-08 -0.000308598 -9.61733e-08 -0.000332801 -5.27412e-07 -0.000397178 -2.60201e-06 -0.000169211 -1.14212e-05 -0.000534502 -4.41834e-05 -0.000690435 -0.000149007 -0.000431503 -0.000432444 -0.000797582 -0.00106359 -0.00210633 -0.00217832 -0.0038084 -0.0038084 
0.000800664 0.000800664 0.0003878 0.000438544 0.000195389 0.000199228 5.21012e-05 7.61701e-05 -0.000162259 2.48785e-05 -0.000257774 7.03589e-06 -0.000114853 1.74312e-06 -5.90061e-05 3.82106e-07 -0.000284054 7.4646e-08 -0.000589409 1.29786e-08 -0.000565576 1.68051e-09 -0.000152747 0 -0.000324515 -2.84224e-10 -0.000368148 -1.07429e-09 -0.000277841 -8.16273e-10 -0.000668177 -1.07125e-09 -0.000418896 2.6197e-10 -0.000802012 -2.6197e-10 -0.000418896 1.07125e-09 -0.000668177 8.16273e-10 -0.000277841 1.07429e-09 -0.000368148 3.16492e-10 -0.000324515 7.00712e-10 -0.000152747 3.66325e-09 -0.000565575 1.95351e-08 -0.000589404 1.08518e-07 -0.000284027 5.47466e-07 -5.88675e-05 2.46376e-06 -0.000114239 9.79803e-06 -0.000255375 3.40887e-05 -0.000154101 0.000102515 7.59356e-05 0.000262756 0.000254186 0.000564876 0.000507676 0.00100221 0.00100221 
0.00426211 0.00426211 0.00256806 0.00232177 0.00131863 0.000941633 0.000563563 0.000642273 0.00020378 0.000783434 6.32856e-05 0.000390469 1.71003e-05 0.000112983 4.06485e-06 0.000622119 8.58017e-07 0.00063813 1.62083e-07 0.000284759 2.7489e-08 0.000404402 3.97166e-09 0.000324515 0 0.000498309 -9.9701e-10 0.000322066 -1.67377e-09 0.000422143 -2.31192e-09 0.000209212 -2.7956e-09 0.00012248 -2.97741e-09 -0.00012248 -2.79581e-09 -0.000209212 -2.31398e-09 -0.000422143 -1.69264e-09 -0.000322066 -1.15603e-09 -0.000498309 -1.23253e-09 -0.000324515 -4.77792e-09 -0.000404404 -2.9132e-08 -0.000284768 -1.70159e-07 -0.000638179 -8.99045e-07 -0.000622337 -4.25176e-06 -0.00011384 -1.7848e-05 -0.000393366 -6.58717e-05 -0.000791709 -0.000211356 -0.00066154 -0.000581763 -0.000975832 -0.00135241 -0.00235982 -0.0026094 -0.00425846 -0.00425846 
0.00076717 0.00076717 0.000436176 0.000441803 0.000238141 0.000211127 5.21785e-05 8.47854e-05 -0.000135594 2.90304e-05 -0.00015053 8.58971e-06 -9.11643e-05 2.22246e-06 -0.000302833 5.07878e-07 -0.000414803 1.03584e-07 1.28632e-05 1.86625e-08 7.33659e-05 2.80685e-09 -0.000454676 2.84224e-10 -0.000498309 0 -0.000657322 -1.25003e-10 -0.000962512 -1.92243e-10 -0.000910212 -9.56536e-10 -0.00123958 8.71993e-10 -0.00108528 -8.71993e-10 -0.00123958 9.56536e-10 -0.000910212 1.92243e-10 -0.000962512 1.25003e-10 -0.000657322 7.33565e-11 -0.000498309 8.58491e-10 -0.000454676 4.92044e-09 7.33668e-05 2.6844e-08 1.28697e-05 1.44407e-07 -0.000414769 7.00346e-07 -0.00030267 3.0214e-06 -9.04772e-05 1.14993e-05 -0.000147982 3.82112e-05 -0.000127391 0.000109508 7.47411e-05 0.000266823 0.000290162 0.000544026 0.00053416 0.000914425 0.000914425 
0.00480053 0.00480053 0.00303841 0.00267423 0.00163262 0.00120797 0.000729302 0.000864427 0.000275102 0.000810686 8.89503e-05 0.000334858 2.49787e-05 0.000325642 6.16077e-06 0.000734316 1.34739e-06 0.00021051 2.63448e-07 0.000224265 4.6365e-08 0.000932444 7.36028e-09 0.000368148 9.9701e-10 0.000657322 0 0.000627256 -2.11949e-10 0.000369845 -3.1924e-10 0.000538572 -3.92536e-10 -3.18082e-05 -4.19892e-10 3.18082e-05 -3.92949e-10 -0.000538572 -3.2323e-10 -0.000369845 -2.47335e-10 -0.000627256 -2.89494e-10 -0.000657322 -1.1795e-09 -0.000368148 -7.61417e-09 -0.000932446 -4.74629e-08 -0.000224272 -2.69091e-07 -0.000210541 -1.37358e-06 -0.000734436 -6.2662e-06 -0.000326034 -2.53355e-05 -0.000335862 -8.99078e-05 -0.000812299 -0.000276824 -0.000863673 -0.000729514 -0.00119125 -0.00161962 -0.00260382 -0.0029778 -0.00460407 -0.00460407 
0.000670455 0.000670455 0.000417872 0.000401061 0.000236621 0.000199385 5.39623e-05 8.32478e-05 -0.000105997 2.95987e-05 -0.000138758 9.0824e-06 -0.000121659 2.43378e-06 -0.000113989 5.75317e-07 -3.44068e-06 1.21315e-07 -0.000229894 2.25447e-08 -0.000734274 3.4657e-09 -0.000412375 1.07429e-09 -0.000322066 1.25003e-10 -0.000627256 0 -0.000366954 1.14506e-09 -0.000906624 -4.18889e-10 -0.000787483 2.06314e-09 -0.00120896 -2.06314e-09 -0.000787483 4.18889e-10 -0.000906624 -1.14506e-09 -0.000366954 1.40878e-10 -0.000627256 1.94073e-10 -0.000322065 2.82402e-10 -0.000412375 5.7509e-09 -0.000734273 3.18207e-08 -0.000229887 1.63941e-07 -3.40472e-06 7.69604e-07 -0.000113824 3.20712e-06 -0.000120989 1.17803e-05 -0.000136379 3.77283e-05 -9.86845e-05 0.000104045 7.3074e-05 0.00024353 0.000278161 0.00047629 0.000490624 0.000767962 0.000767962 
0.00523389 0.00523389 0.00343353 0.00299513 0.00190954 0.001468 0.000882552 0.00105971 0.000344029 0.000856959 0.0001148 0.000322162 3.32295e-05 0.000319212 8.4387e-06 0.000624074 1.89851e-06 0.00043703 3.81544e-07 0.000728657 6.89881e-08 0.000610548 1.12895e-08 0.000277841 1.67377e-09 0.000962512 2.11949e-10 0.000366954 0 0.000909512 -3.76527e-11 0.000419436 -5.03171e-11 0.000389673 -5.43811e-11 -0.000389673 -5.10226e-11 -0.000419436 -4.4312e-11 -0.000909512 -5.76449e-11 -0.000366954 -2.48153e-10 -0.000962512 -1.6996e-09 -0.000277842 -1.13321e-08 -0.000610548 -6.90897e-08 -0.000728656 -3.81385e-07 -0.000437023 -1.89361e-06 -0.000624017 -8.39517e-06 -0.000318868 -3.29538e-05 -0.000320472 -0.000113397 -0.000849994 -0.000338085 -0.00103543 -0.000861319 -0.00139634 -0.00184542 -0.00281628 -0.00326994 -0.004856 -0.004856 
0.000520031 0.000520031 0.00034253 0.000319641 0.000196132 0.000163566 4.04579e-05 7.02867e-05 -7.75851e-05 2.57024e-05 -6.53793e-05 8.1049e-06 -2.55101e-05 2.23019e-06 -0.000161476 5.41262e-07 -0.000348435 1.16816e-07 -0.000206837 2.20482e-08 0.000160409 3.26063e-09 -3.18036e-05 8.16273e-10 -0.000422143 1.92243e-10 -0.000369845 -1.14506e-09 -0.000909512 0 -0.0010868 -1.90952e-09 -0.00163983 5.96266e-10 -0.00192383 -5.96266e-10 -0.00163983 1.90952e-09 -0.0010868 -0.000499078 -0.000909512 1.14506e-09 -0.000369845 2.69675e-11 -0.000422143 5.67463e-10 -3.18036e-05 6.10143e-09 0.00016041 3.07763e-08 -0.000206831 1.54489e-07 -0.000348403 7.06622e-07 -0.000161334 2.87077e-06 -2.4953e-05 1.02666e-05 -6.34637e-05 3.19853e-05 -7.19056e-05 8.57149e-05 5.47096e-05 0.000194735 0.000225636 0.00036933 0.000390965 0.000577611 0.000577611 
0.00555124 0.00555124 0.00373087 0.00325213 0.00212535 0.00168759 0.00100621 0.00120828 0.000401503 0.000856971 0.000137031 0.000286457 4.05363e-05 0.000456404 1.05134e-05 0.000811349 2.41418e-06 0.000295504 4.94969e-07 0.000361425 9.12667e-08 0.000802764 1.52299e-08 0.000668177 2.31192e-09 0.000910212 3.1924e-10 0.000906624 3.76527e-11 0.0010868 0 0.000972469 -5.50684e-12 0.000673661 -6.49232e-12 -0.000673661 -6.54192e-12 -0.000972469 -9.59872e-12 -0.0010868 -4.39338e-11 -0.000906624 -3.20048e-10 -0.000910212 -2.28848e-09 -0.000668177 -1.50414e-08 -0.000802763 -8.99825e-08 -0.000361415 -4.87062e-07 -0.000295451 -2.37021e-06 -0.000811086 -1.02936e-05 -0.00045525 -3.95554e-05 -0.000281962 -0.000133145 -0.000841552 -0.000387936 -0.00116205 -0.000964797 -0.00156727 -0.0020156 -0.00298161 -0.00347967 -0.00502554 -0.00502554 
0.000328883 0.000328883 0.000223036 0.000205705 0.000128652 0.000107276 3.02441e-05 4.69826e-05 -3.79779e-05 1.75032e-05 -5.25498e-05 5.6203e-06 -8.67546e-05 1.57427e-06 -8.57412e-05 3.88605e-07 0.000104043 8.52585e-08 4.29596e-05 1.65124e-08 -0.000492962 2.48769e-09 -0.000458495 1.07125e-09 -0.000209212 9.56536e-10 -0.000538572 4.18889e-10 -0.000419436 1.90952e-09 -0.000972469 0 -0.00165244 7.00818e-10 -0.00290491 -7.00818e-10 -0.00165244 -0.000656229 -0.000972469 -1.90952e-09 -0.000419436 -4.08952e-10 -0.000538572 -7.09469e-10 -0.000209212 7.67927e-11 -0.000458495 4.2832e-09 -0.000492961 2.24792e-08 4.29638e-05 1.114e-07 0.000104065 4.99761e-07 -8.5646e-05 1.9946e-06 -8.63877e-05 7.00828e-06 -5.13159e-05 2.14376e-05 -3.44098e-05 5.63662e-05 3.89429e-05 0.000125551 0.000146023 0.000233335 0.000250133 0.00035782 0.00035782 
0.00574525 0.00574525 0.00391512 0.0034172 0.0022621 0.00182798 0.00108639 0.00129713 0.000439593 0.000880041 0.000152071 0.000323643 4.55766e-05 0.000456294 1.19715e-05 0.000621804 2.78321e-06 0.000356643 5.7758e-07 0.000897357 1.07774e-07 0.000768299 1.81971e-08 0.000418896 2.7956e-09 0.00123958 3.92536e-10 0.000787483 5.03171e-11 0.00163983 5.50684e-12 0.00165244 0 0.00192614 -7.09385e-13 -0.00192614 -1.30296e-12 -0.00165244 -6.44289e-12 -0.00163983 -5.01077e-11 -0.000787483 -3.85444e-10 -0.00123958 -2.73895e-09 -0.000418895 -1.78014e-08 -0.000768296 -1.05255e-07 -0.000897339 -5.6298e-07 -0.000356551 -2.70658e-06 -0.000621375 -1.16092e-05 -0.000454508 -4.40435e-05 -0.000317034 -0.000146302 -0.000858458 -0.000420436 -0.0012354 -0.00103066 -0.00167435 -0.00212098 -0.00308572 -0.00360543 -0.00512339 -0.00512339 
0.000112515 0.000112515 7.75827e-05 7.09632e-05 4.49201e-05 3.73506e-05 8.26991e-06 1.65124e-05 -1.85765e-05 6.20884e-06 -7.29742e-06 2.01199e-06 2.87409e-05 5.68836e-07 -1.84352e-05 1.41515e-07 -0.000211842 3.13784e-08 -0.0001995 5.99198e-09 0.000255053 1.4761e-09 0.000260638 -2.6197e-10 -0.00012248 -8.71993e-10 3.18082e-05 -2.06314e-09 -0.000389673 -5.96266e-10 -0.000673661 -7.00818e-10 -0.00192614 0 -0.00675388 -0.00217 -0.00192614 7.00818e-10 -0.000673661 5.96266e-10 -0.000389673 2.06314e-09 3.1808e-05 8.73726e-10 -0.00012248 5.40329e-10 0.000260637 1.27671e-09 0.000255054 8.35403e-09 -0.000199498 4.05311e-08 -0.000211834 1.80575e-07 -1.84015e-05 7.14598e-07 2.88686e-05 2.48885e-06 -6.87257e-06 7.54445e-06 -1.73635e-05 1.96498e-05 1.11833e-05 4.3344e-05 5.06298e-05 7.97586e-05 8.6241e-05 0.0001211 0.0001211 
0.00581045 0.00581045 0.00397752 0.0034742 0.00230892 0.00187925 0.00111415 0.00133126 0.000452921 0.000871804 0.000157387 0.000288687 4.7376e-05 0.000503802 1.24969e-05 0.0008153 2.9174e-06 0.000344323 6.07886e-07 0.000442808 1.13882e-07 0.000762718 1.93044e-08 0.000802012 2.97741e-09 0.00108528 4.19892e-10 0.00120896 5.43811e-11 0.00192383 6.49232e-12 0.00290491 7.09385e-13 0.00675388 0 -0.00675388 -6.9747e-13 -0.00290491 -6.36181e-12 -0.00192383 -5.32301e-11 -0.00120896 -4.10555e-10 -0.00108528 -2.90757e-09 -0.000802011 -1.88246e-08 -0.000762715 -1.10867e-07 -0.000442787 -5.90639e-07 -0.000344216 -2.82804e-06 -0.000814808 -1.20799e-05 -0.000501779 -4.56341e-05 -0.000281293 -0.000150918 -0.000847967 -0.000431716 -0.00126395 -0.00105324 -0.00171379 -0.00215664 -0.00312134 -0.00364729 -0.00515507 -0.00515507 
-0.000112515 -0.000112515 -7.75827e-05 -7.09632e-05 -4.49201e-05 -3.73506e-05 -8.26991e-06 -1.65124e-05 1.85765e-05 -6.20884e-06 7.29742e-06 -2.01199e-06 -2.87409e-05 -5.68836e-07 1.84352e-05 -1.41515e-07 0.000211842 -3.13784e-08 0.0001995 -5.99198e-09 -0.000255053 -1.4761e-09 -0.000260638 2.6197e-10 0.00012248 8.71993e-10 -3.18082e-05 2.06314e-09 0.000389673 5.96266e-10 0.000673661 7.00818e-10 0.00192614 0.00217 0.00675388 0 0.00192614 -7.00818e-10 0.000673661 -5.96266e-10 0.000389673 -2.06314e-09 -3.1808e-05 -8.73726e-10 0.00012248 -5.40329e-10 -0.000260637 -1.27671e-09 -0.000255054 -8.35403e-09 0.000199498 -4.05311e-08 0.000211834 -1.80575e-07 1.84015e-05 -7.14598e-07 -2.88686e-05 -2.48885e-06 6.87257e-06 -7.54445e-06 1.73635e-05 -1.96498e-05 -1.11833e-05 -4.3344e-05 -5.06298e-05 -7.97586e-05 -8.6241e-05 -0.0001211 -0.0001211 
0.00574525 0.00574525 0.00391512 0.0034172 0.0022621 0.00182798 0.00108639 0.00129713 0.000439593 0.000880041 0.000152071 0.000323643 4.55766e-05 0.000456294 1.19715e-05 0.000621804 2.78321e-06 0.000356643 5.7758e-07 0.000897357 1.07774e-07 0.000768299 1.81972e-08 0.000418896 2.79581e-09 0.00123958 3.92949e-10 0.000787483 5.10226e-11 0.00163983 6.54192e-12 0.00165244 1.30296e-12 0.00192614 6.9747e-13 -0.00192614 0 -0.00165244 -5.40782e-12 -0.00163983 -4.94022e-11 -0.000787483 -3.85031e-10 -0.00123958 -2.73874e-09 -0.000418895 -1.78013e-08 -0.000768296 -1.05255e-07 -0.000897339 -5.6298e-07 -0.000356551 -2.70658e-06 -0.000621375 -1.16092e-05 -0.000454508 -4.40435e-05 -0.000317034 -0.000146302 -0.000858458 -0.000420436 -0.0012354 -0.00103066 -0.00167435 -0.00212098 -0.00308572 -0.00360543 -0.00512339 -0.00512339 
-0.000328883 -0.000328883 -0.000223036 -0.000205705 -0.000128652 -0.000107276 -3.02441e-05 -4.69826e-05 3.79779e-05 -1.75032e-05 5.25498e-05 -5.6203e-06 8.67546e-05 -1.57427e-06 8.57412e-05 -3.88605e-07 -0.000104043 -8.52585e-08 -4.29596e-05 -1.65124e-08 0.000492962 -2.48769e-09 0.000458495 -1.07125e-09 0.000209212 -9.56536e-10 0.000538572 -4.18889e-10 0.000419436 -1.90952e-09 0.000972469 0.000656229 0.00165244 -7.00818e-10 0.00290491 7.00818e-10 0.00165244 0 0.000972469 1.90952e-09 0.000419436 4.08952e-10 0.000538572 7.09469e-10 0.000209212 -7.67927e-11 0.000458495 -4.2832e-09 0.000492961 -2.24792e-08 -4.29638e-05 -1.114e-07 -0.000104065 -4.99761e-07 8.5646e-05 -1.9946e-06 8.63877e-05 -7.00828e-06 5.13159e-05 -2.14376e-05 3.44098e-05 -5.63662e-05 -3.89429e-05 -0.000125551 -0.000146023 -0.000233335 -0.000250133 -0.00035782 -0.00035782 
0.00555124 0.00555124 0.00373087 0.00325213 0.00212535 0.00168759 0.00100621 0.00120828 0.000401503 0.000856971 0.000137031 0.000286457 4.05363e-05 0.000456404 1.05134e-05 0.000811349 2.41418e-06 0.000295504 4.94969e-07 0.000361425 9.12671e-08 0.000802764 1.52308e-08 0.000668177 2.31398e-09 0.000910212 3.2323e-10 0.000906624 4.4312e-11 0.0010868 9.59872e-12 0.000972469 6.44289e-12 0.000673661 6.36181e-12 -0.000673661 5.40782e-12 -0.000972469 0 -0.0010868 -3.72746e-11 -0.000906624 -3.16057e-10 -0.000910212 -2.28642e-09 -0.000668177 -1.50404e-08 -0.000802763 -8.99821e-08 -0.000361415 -4.87062e-07 -0.000295451 -2.37021e-06 -0.000811086 -1.02936e-05 -0.00045525 -3.95554e-05 -0.000281962 -0.000133145 -0.000841552 -0.000387936 -0.00116205 -0.000964797 -0.00156727 -0.0020156 -0.00298161 -0.00347967 -0.00502554 -0.00502554 
-0.000520031 -0.000520031 -0.00034253 -0.000319641 -0.000196132 -0.000163566 -4.04579e-05 -7.02867e-05 7.75851e-05 -2.57024e-05 6.53793e-05 -8.1049e-06 2.55101e-05 -2.23019e-06 0.000161476 -5.41262e-07 0.000348435 -1.16816e-07 0.000206837 -2.20482e-08 -0.000160409 -3.26063e-09 3.18036e-05 -8.16273e-10 0.000422143 -1.92243e-10 0.000369845 1.14506e-09 0.000909512 0.000499078 0.0010868 1.90952e-09 0.00163983 -5.96266e-10 0.00192383 5.96266e-10 0.00163983 -1.90952e-09 0.0010868 0 0.000909512 -1.14506e-09 0.000369845 -2.69675e-11 0.000422143 -5.67463e-10 3.18036e-05 -6.10143e-09 -0.00016041 -3.07763e-08 0.000206831 -1.54489e-07 0.000348403 -7.06622e-07 0.000161334 -2.87077e-06 2.4953e-05 -1.02666e-05 6.34637e-05 -3.19853e-05 7.19056e-05 -8.57149e-05 -5.47096e-05 -0.000194735 -0.000225636 -0.00036933 -0.000390965 -0.000577611 -0.000577611 
0.00523389 0.00523389 0.00343353 0.00299513 0.00190954 0.001468 0.000882552 0.00105971 0.000344029 0.000856959 0.0001148 0.000322162 3.32295e-05 0.000319212 8.4387e-06 0.000624074 1.89851e-06 0.00043703 3.81546e-07 0.000728657 6.89916e-08 0.000610548 1.12983e-08 0.000277841 1.69264e-09 0.000962512 2.47335e-10 0.000366954 5.76449e-11 0.000909512 4.39338e-11 0.000419436 5.01077e-11 0.000389673 5.32301e-11 -0.000389673 4.94022e-11 -0.000419436 3.72746e-11 -0.000909512 0 -0.000366954 -2.12766e-10 -0.000962512 -1.68073e-09 -0.000277841 -1.13233e-08 -0.000610548 -6.90862e-08 -0.000728656 -3.81384e-07 -0.000437023 -1.89361e-06 -0.000624017 -8.39517e-06 -0.000318868 -3.29538e-05 -0.000320472 -0.000113397 -0.000849994 -0.000338085 -0.00103543 -0.000861319 -0.00139634 -0.00184542 -0.00281628 -0.00326994 -0.004856 -0.004856 
-0.000670455 -0.000670455 -0.000417872 -0.000401061 -0.000236621 -0.000199385 -5.39623e-05 -8.32478e-05 0.000105997 -2.95987e-05 0.000138758 -9.0824e-06 0.000121659 -2.43378e-06 0.000113989 -5.75317e-07 3.44068e-06 -1.21315e-07 0.000229894 -2.25447e-08 0.000734274 -3.4657e-09 0.000412375 -1.07429e-09 0.000322066 -1.25003e-10 0.000627256 -1.40878e-10 0.000366954 -1.14506e-09 0.000906624 4.08952e-10 0.000787483 -2.06314e-09 0.00120896 2.06314e-09 0.000787483 -4.08952e-10 0.000906624 1.14506e-09 0.000366954 0 0.000627256 -3.08708e-10 0.000322065 -2.82402e-10 0.000412375 -5.76285e-09 0.000734273 -3.18603e-08 0.000229887 -1.63941e-07 3.40472e-06 -7.69604e-07 0.000113824 -3.20712e-06 0.000120989 -1.17803e-05 0.000136379 -3.77283e-05 9.86845e-05 -0.000104045 -7.3074e-05 -0.00024353 -0.000278161 -0.00047629 -0.000490624 -0.000767962 -0.000767962 
0.00480053 0.00480053 0.00303841 0.00267423 0.00163262 0.00120797 0.000729302 0.000864427 0.000275102 0.000810686 8.89503e-05 0.000334858 2.49787e-05 0.000325642 6.16078e-06 0.000734316 1.3474e-06 0.00021051 2.6346e-07 0.000224265 4.6397e-08 0.000932444 7.43651e-09 0.000368148 1.15603e-09 0.000657322 2.89494e-10 0.000627256 2.48153e-10 0.000369845 3.20048e-10 0.000538572 3.85444e-10 -3.1808e-05 4.10555e-10 3.1808e-05 3.85031e-10 -0.000538572 3.16057e-10 -0.000369845 2.12766e-10 -0.000627256 0 -0.000657323 -1.02048e-09 -0.000368148 -7.53793e-09 -0.000932446 -4.7431e-08 -0.000224272 -2.69079e-07 -0.000210541 -1.37358e-06 -0.000734436 -6.2662e-06 -0.000326034 -2.53355e-05 -0.000335862 -8.99078e-05 -0.000812299 -0.000276824 -0.000863673 -0.000729514 -0.00119125 -0.00161962 -0.00260382 -0.0029778 -0.00460407 -0.00460407 
-0.00076717 -0.00076717 -0.000436176 -0.000441803 -0.000238141 -0.000211127 -5.21785e-05 -8.47854e-05 0.000135594 -2.90304e-05 0.00015053 -8.58971e-06 9.11643e-05 -2.22246e-06 0.000302833 -5.07885e-07 0.000414803 -1.03591e-07 -1.28632e-05 -1.86948e-08 -7.33658e-05 -2.8623e-09 0.000454676 -3.16492e-10 0.000498309 -7.33565e-11 0.000657322 -1.94073e-10 0.000962512 -2.69675e-11 0.000910212 7.09469e-10 0.00123958 -8.73726e-10 0.00108528 8.73726e-10 0.00123958 -7.09469e-10 0.000910212 2.69675e-11 0.000962512 3.08708e-10 0.000657323 0 0.000498309 -8.01215e-10 0.000454676 -4.93233e-09 -7.33668e-05 -2.68602e-08 -1.28697e-05 -1.44446e-07 0.000414769 -7.00346e-07 0.00030267 -3.0214e-06 9.04772e-05 -1.14993e-05 0.000147982 -3.82112e-05 0.000127391 -0.000109508 -7.47411e-05 -0.000266823 -0.000290162 -0.000544026 -0.00053416 -0.000914425 -0.000914425 
0.00426211 0.00426211 0.00256806 0.00232177 0.00131863 0.000941633 0.000563563 0.000642273 0.00020378 0.000783434 6.32856e-05 0.000390469 1.71003e-05 0.000112983 4.06487e-06 0.000622119 8.58051e-07 0.00063813 1.62185e-07 0.000284759 2.7755e-08 0.000404402 4.5833e-09 0.000324515 1.23253e-09 0.000498309 1.1795e-09 0.000322065 1.6996e-09 0.000422143 2.28848e-09 0.000209212 2.73895e-09 0.00012248 2.90757e-09 -0.00012248 2.73874e-09 -0.000209212 2.28642e-09 -0.000422143 1.68073e-09 -0.000322065 1.02048e-09 -0.000498309 0 -0.000324515 -4.16628e-09 -0.000404404 -2.8866e-08 -0.000284769 -1.70058e-07 -0.000638179 -8.99011e-07 -0.000622337 -4.25175e-06 -0.00011384 -1.7848e-05 -0.000393366 -6.58717e-05 -0.000791709 -0.000211356 -0.00066154 -0.000581763 -0.000975832 -0.00135241 -0.00235982 -0.0026094 -0.00425846 -0.00425846 
-0.000800664 -0.000800664 -0.0003878 -0.000438544 -0.000195389 -0.000199228 -5.21012e-05 -7.61701e-05 0.000162259 -2.48785e-05 0.000257774 -7.03589e-06 0.000114853 -1.74312e-06 5.90061e-05 -3.82134e-07 0.000284054 -7.47651e-08 0.000589409 -1.31963e-08 0.000565576 -2.03167e-09 0.000152748 -7.00712e-10 0.000324515 -8.58491e-10 0.000368148 -2.82402e-10 0.000277842 -5.67463e-10 0.000668177 -7.67927e-11 0.000418895 -5.40329e-10 0.000802011 5.40329e-10 0.000418895 7.67927e-11 0.000668177 5.67463e-10 0.000277841 2.82402e-10 0.000368148 8.01215e-10 0.000324515 0 0.000152748 -3.23998e-09 0.000565575 -1.93785e-08 0.000589405 -1.08375e-07 0.000284027 -5.47379e-07 5.88675e-05 -2.46372e-06 0.000114239 -9.79803e-06 0.000255375 -3.40887e-05 0.000154101 -0.000102515 -7.59356e-05 -0.000262756 -0.000254186 -0.000564876 -0.000507676 -0.00100221 -0.00100221 
0.0036331 0.0036331 0.00205325 0.00197758 0.000996179 0.000725944 0.000403245 0.000399625 0.000138508 0.000678696 4.09771e-05 0.000530839 1.05752e-05 0.000168224 2.40652e-06 0.000396946 4.87435e-07 0.000332753 8.89199e-08 0.000308589 1.55816e-08 0.00081723 4.4998e-09 0.000152747 4.77792e-09 0.000454676 7.61417e-09 0.000412375 1.13321e-08 3.18036e-05 1.50414e-08 0.000458495 1.78014e-08 -0.000260637 1.88246e-08 0.000260637 1.78013e-08 -0.000458495 1.50404e-08 -3.18036e-05 1.13233e-08 -0.000412375 7.53793e-09 -0.000454676 4.16628e-09 -0.000152748 0 -0.000817231 -1.4637e-08 -0.000308598 -9.5365e-08 -0.000332801 -5.27129e-07 -0.000397178 -2.60192e-06 -0.000169211 -1.14212e-05 -0.000534502 -4.41833e-05 -0.000690435 -0.000149007 -0.000431503 -0.000432444 -0.000797582 -0.00106359 -0.00210633 -0.00217832 -0.0038084 -0.0038084 
